   1.000000      0.9000000    
  1.4285715E-03  4.5462176E-02  1.6655820E-09
  1.5307419E-03  4.8534133E-02  2.1875757E-09
  1.6402196E-03  5.1794846E-02  2.8721185E-09
  1.7575268E-03  5.5253789E-02  3.7694483E-09
  1.8832241E-03  5.8918815E-02  4.9450413E-09
  2.0179111E-03  6.2797680E-02  6.4842460E-09
  2.1622304E-03  6.6897564E-02  8.4981844E-09
  2.3168717E-03  7.1224086E-02  1.1131218E-08
  2.4825728E-03  7.5783826E-02  1.4571100E-08
  2.6601246E-03  8.0579109E-02  1.9060675E-08
  2.8503749E-03  8.5613564E-02  2.4914858E-08
  3.0542319E-03  9.0885684E-02  3.2539539E-08
  3.2726682E-03  9.6393883E-02  4.2458566E-08
  3.5067273E-03  0.1021326      5.5345250E-08
  3.7575257E-03  0.1080928      7.2063031E-08
  4.0262616E-03  0.1142624      9.3717198E-08
  4.3142168E-03  0.1206239      1.2171638E-07
  4.6227667E-03  0.1271554      1.5785224E-07
  4.9533835E-03  0.1338309      2.0439597E-07
  5.3076465E-03  0.1406177      2.6421392E-07
  5.6872456E-03  0.1474781      3.4091298E-07
  6.0939929E-03  0.1543692      4.3901213E-07
  6.5298313E-03  0.1612417      5.6414814E-07
  6.9968412E-03  0.1680432      7.2333069E-07
  7.4972501E-03  0.1747149      9.2522157E-07
  8.0334470E-03  0.1811961      1.1804957E-06
  8.6079948E-03  0.1874238      1.5022445E-06
  9.2236325E-03  0.1933333      1.9064369E-06
  9.8832995E-03  0.1988607      2.4124861E-06
  1.0590145E-02  0.2039444      3.0438791E-06
  1.1347548E-02  0.2085253      3.8289058E-06
  1.2159115E-02  0.2125493      4.8014836E-06
  1.3028725E-02  0.2159682      6.0021302E-06
  1.3960531E-02  0.2187405      7.4790246E-06
  1.4958978E-02  0.2208320      9.2891869E-06
  1.6028836E-02  0.2222160      1.1499823E-05
  1.7175207E-02  0.2228743      1.4189780E-05
  1.8403564E-02  0.2227957      1.7451090E-05
  1.9719778E-02  0.2219771      2.1390651E-05
  2.1130122E-02  0.2204223      2.6131929E-05
  2.2641333E-02  0.2181419      3.1816693E-05
  2.4260623E-02  0.2151531      3.8606755E-05
  2.5995726E-02  0.2114785      4.6685491E-05
  2.7854925E-02  0.2071467      5.6259254E-05
  2.9847087E-02  0.2021918      6.7558394E-05
  3.1981729E-02  0.1966527      8.0838021E-05
  3.4269046E-02  0.1905739      9.6378317E-05
  3.6719941E-02  0.1840042      1.1448366E-04
  3.9346125E-02  0.1769974      1.3548238E-04
  4.2160131E-02  0.1696113      1.5972409E-04
  4.5175388E-02  0.1619077      1.8757852E-04
  4.8406310E-02  0.1539514      2.1943168E-04
  5.1868293E-02  0.1458093      2.5568245E-04
  5.5577878E-02  0.1375501      2.9674041E-04
  5.9552774E-02  0.1292420      3.4301996E-04
  6.3811943E-02  0.1209520      3.9493782E-04
  6.8375729E-02  0.1127446      4.5290962E-04
  7.3265910E-02  0.1046808      5.1734789E-04
  7.8505829E-02  9.6815810E-02  5.8865634E-04
  8.4120505E-02  8.9199409E-02  6.6723290E-04
  9.0136781E-02  8.1874199E-02  7.5346511E-04
  9.6583307E-02  7.4875697E-02  8.4772881E-04
  0.1034909      6.8231814E-02  9.5039181E-04
  0.1108925      6.1962873E-02  1.0618115E-03
  0.1188234      5.6082163E-02  1.1823348E-03
  0.1273216      5.0596107E-02  1.3122990E-03
  0.1364275      4.5505218E-02  1.4520338E-03
  0.1461847      4.0804558E-02  1.6018586E-03
  0.1566397      3.6484774E-02  1.7620859E-03
  0.1678425      3.2532725E-02  1.9330202E-03
  0.1798465      2.8932473E-02  2.1149563E-03
  0.1927090      2.5665740E-02  2.3081796E-03
  0.2064914      2.2712827E-02  2.5129667E-03
  0.2212595      2.0053117E-02  2.7295905E-03
  0.2370838      1.7665561E-02  2.9583054E-03
  0.2540399      1.5529147E-02  3.1993608E-03
  0.2722087      1.3623229E-02  3.4529963E-03
  0.2916769      1.1927818E-02  3.7194346E-03
  0.3125374      1.0423742E-02  3.9988905E-03
  0.3348898      9.0928553E-03  4.2915684E-03
  0.3588409      7.9181027E-03  4.5976597E-03
  0.3845049      6.8835872E-03  4.9173422E-03
  0.4120044      5.9746020E-03  5.2507883E-03
  0.4414707      5.1776036E-03  5.5981460E-03
  0.4730444      4.4802176E-03  5.9595648E-03
  0.5068763      3.8711745E-03  6.3351756E-03
  0.5431278      3.3402795E-03  6.7250989E-03
  0.5819718      2.8783244E-03  7.1294419E-03
  0.6235940      2.4770461E-03  7.5483113E-03
  0.6681930      2.1290458E-03  7.9817958E-03
  0.7159817      1.8277221E-03  8.4299631E-03
  0.7671881      1.5672139E-03  8.8929059E-03
  0.8220572      1.3423174E-03  9.3706837E-03
  0.8808501      1.1484396E-03  9.8633431E-03
  0.9438478      9.8152622E-04  1.0370933E-02
   1.011351      8.3801453E-04  1.0893496E-02
   1.083682      7.1477826E-04  1.1431072E-02
   1.161186      6.0908048E-04  1.1983683E-02
   1.244233      5.1853177E-04  1.2551361E-02
   1.333220      4.4104777E-04  1.3134123E-02
   1.428571      3.7481560E-04  1.3731979E-02
   1.530742      3.1826063E-04  1.4344943E-02
   1.640220      2.7001853E-04  1.4973019E-02
   1.757527      2.2890752E-04  1.5616216E-02
   1.883224      1.9390664E-04  1.6274525E-02
   2.017910      1.6413521E-04  1.6947959E-02
   2.162230      1.3883437E-04  1.7636500E-02
   2.316871      1.1735118E-04  1.8340148E-02
   2.482573      9.9124707E-05  1.9058902E-02
   2.660125      8.3673862E-05  1.9792730E-02
   2.850375      7.0586117E-05  2.0541636E-02
   3.054232      5.9508398E-05  2.1305611E-02
   3.272668      5.0138926E-05  2.2084653E-02
   3.506727      4.2219781E-05  2.2878712E-02
   3.757525      3.5531160E-05  2.3687808E-02
   4.026260      2.9885583E-05  2.4511909E-02
   4.314215      2.5123483E-05  2.5351005E-02
   4.622765      2.1109132E-05  2.6205087E-02
   4.953382      1.7727176E-05  2.7074147E-02
   5.307643      1.4879669E-05  2.7958149E-02
   5.687247      1.2483491E-05  2.8857075E-02
   6.093996      1.0468308E-05  2.9770948E-02
   6.529833      8.7744129E-06  3.0699700E-02
   6.996841      7.3513402E-06  3.1643353E-02
   7.497250      6.1563987E-06  3.2601878E-02
   8.033448      5.1535171E-06  3.3575278E-02
   8.607995      4.3122318E-06  3.4563515E-02
   9.223632      3.6068379E-06  3.5566598E-02
   9.883298      3.0156518E-06  3.6584474E-02
   10.59014      2.5204079E-06  3.7617184E-02
   11.34754      2.1057126E-06  3.8664691E-02
   12.15911      1.7586117E-06  3.9726950E-02
   13.02872      1.4682082E-06  4.0804021E-02
   13.96053      1.2253378E-06  4.1895844E-02
   14.95897      1.0222985E-06  4.3002419E-02
   16.02883      8.5262315E-07  4.4123732E-02
   17.17520      7.1088186E-07  4.5259781E-02
   18.40357      5.9251670E-07  4.6410546E-02
   19.71978      4.9371050E-07  4.7576047E-02
   21.13012      4.1125790E-07  4.8756234E-02
   22.64133      3.4247520E-07  4.9951091E-02
   24.26063      2.8511528E-07  5.1160682E-02
   25.99573      2.3729599E-07  5.2384909E-02
   27.85492      1.9744317E-07  5.3623822E-02
   29.84708      1.6423967E-07  5.4877408E-02
   31.98173      1.3658425E-07  5.6145657E-02
   34.26904      1.1355660E-07  5.7428550E-02
   36.71993      9.4387772E-08  5.8726087E-02
   39.34611      7.8435519E-08  6.0038246E-02
   42.16011      6.5163782E-08  6.1365101E-02
   45.17537      5.4125007E-08  6.2706552E-02
   48.40628      4.4945860E-08  6.4062618E-02
   51.86831      3.7314937E-08  6.5433323E-02
   55.57790      3.0972853E-08  6.6818602E-02
   59.55278      2.5703171E-08  6.8218589E-02
   63.81195      2.1325519E-08  6.9633082E-02
   68.37573      1.7689798E-08  7.1062222E-02
   73.26591      1.4670933E-08  7.2505921E-02
   78.50584      1.2164837E-08  7.3964275E-02
   84.12051      1.0084860E-08  7.5437188E-02
   90.13675      8.3589242E-09  7.6924719E-02
   96.58327      6.9270603E-09  7.8426793E-02
   103.4908      5.7394147E-09  7.9943463E-02
   110.8924      4.7545314E-09  8.1474744E-02
   118.8233      3.9379535E-09  8.3020583E-02
   127.3215      3.2610528E-09  8.4581032E-02
   136.4274      2.7000420E-09  8.6156011E-02
   146.1846      2.2351689E-09  8.7745599E-02
   156.6396      1.8500280E-09  8.9349732E-02
   167.8425      1.5309987E-09  9.0968452E-02
   179.8465      1.2667858E-09  9.2601746E-02
   192.7090      1.0480057E-09  9.4249606E-02
   206.4914      8.6687646E-10  9.5912009E-02
   221.2595      7.1694362E-10  9.7588986E-02
   237.0838      5.9285515E-10  9.9280573E-02
   254.0399      4.9017168E-10  0.1009866    
   272.2086      4.0521531E-10  0.1027073    
   291.6768      3.3493597E-10  0.1044425    
   312.5373      2.7680735E-10  0.1061923    
   334.8897      2.2873570E-10  0.1079566    
   358.8408      1.8898698E-10  0.1097355    
   384.5048      1.5612492E-10  0.1115289    
   412.0043      1.2896038E-10  0.1133369    
   441.4705      1.0650864E-10  0.1151595    
   473.0446      8.7954290E-11  0.1169966    
   506.8764      7.2623428E-11  0.1188482    
   543.1278      5.9957463E-11  0.1207144    
   581.9719      4.9494586E-11  0.1225952    
   623.5941      4.0852662E-11  0.1244905    
   668.1930      3.3715725E-11  0.1264003    
   715.9817      2.7822409E-11  0.1283247    
   767.1882      2.2956604E-11  0.1302637    
   822.0568      1.8939671E-11  0.1322172    
   880.8498      1.5623891E-11  0.1341852    
   943.8475      1.2887210E-11  0.1361677    
   1011.351      1.0628764E-11  0.1381650    
   1083.682      8.7651700E-12  0.1401766    
   1161.186      7.2275827E-12  0.1422028    
   1244.233      5.9591130E-12  0.1442436    
   1333.219      0.0000000E+00  0.0000000E+00
   1428.570      0.0000000E+00  0.0000000E+00
